Fecha,Valor_Mercado_Spot,Porcentaje_Mercado_Spot,Valor_PVPC,Porcentaje_PVPC
2021-06-07T08:00:00.000+02:00,150.58,0.6259040651758251,90.0,0.3740959348241749
2021-06-24T11:00:00.000+02:00,241.54,0.7317398285316126,88.55,0.26826017146838743
2021-06-18T11:00:00.000+02:00,246.49,0.7230778256915721,94.4,0.27692217430842797
2021-06-14T12:00:00.000+02:00,240.02,0.7315675576823433,88.07,0.26843244231765667
2021-06-17T16:00:00.000+02:00,133.07,0.6356037447458922,76.29,0.36439625525410774
2021-06-08T10:00:00.000+02:00,231.49,0.7428360555787312,80.14,0.25716394442126883
2021-06-14T13:00:00.000+02:00,239.81,0.7313956325484934,88.07,0.2686043674515066
2021-06-17T22:00:00.000+02:00,158.39,0.6254294175715696,94.86,0.3745705824284304
2021-06-04T07:00:00.000+02:00,112.52,0.5611130504163965,88.01,0.43888694958360347
2021-06-17T20:00:00.000+02:00,257.8,0.7157731071438488,102.37,0.28422689285615127
2021-06-05T03:00:00.000+02:00,95.48,0.5916470442434008,65.9,0.40835295575659936
2021-06-02T12:00:00.000+02:00,235.64,0.7369737912053543,84.1,0.2630262087946456
2021-06-15T16:00:00.000+02:00,148.73,0.6237889527324582,89.7,0.37621104726754184
2021-06-27T13:00:00.000+02:00,74.55,0.5950195546332508,50.74,0.4049804453667492
2021-06-23T17:00:00.000+02:00,150.76,0.6236968393182195,90.96,0.3763031606817806
2021-06-22T07:00:00.000+02:00,117.24,0.5556398104265403,93.76,0.44436018957345974
2021-06-03T15:00:00.000+02:00,123.78,0.652572754112189,65.9,0.34742724588781104
2021-06-08T17:00:00.000+02:00,137.41,0.6339854203192765,79.33,0.36601457968072343
2021-06-03T20:00:00.000+02:00,237.45,0.7409661112151282,83.01,0.25903388878487177
2021-06-15T09:00:00.000+02:00,151.22,0.6217416330893841,92.0,0.37825836691061593
2021-06-10T18:00:00.000+02:00,237.18,0.7344853214418432,85.74,0.2655146785581568
2021-06-17T17:00:00.000+02:00,142.39,0.6268269061454481,84.77,0.3731730938545519
2021-06-02T21:00:00.000+02:00,245.0,0.733467053857438,89.03,0.26653294614256207
2021-06-22T18:00:00.000+02:00,242.72,0.7301606401540219,89.7,0.26983935984597796
2021-06-12T08:00:00.000+02:00,104.32,0.5723063418915953,77.96,0.4276936581084047
2021-06-03T00:00:00.000+02:00,109.58,0.5668028759116537,83.75,0.4331971240883464
2021-06-18T21:00:00.000+02:00,248.79,0.7256314530712243,94.07,0.27436854692877555
2021-06-29T06:00:00.000+02:00,121.19,0.5637268583124011,93.79,0.43627314168759884
2021-06-25T06:00:00.000+02:00,113.96,0.5673603504928806,86.9,0.43263964950711936
2021-06-28T18:00:00.000+02:00,243.72,0.7303128371089536,90.0,0.2696871628910464
2021-06-20T07:00:00.000+02:00,82.07,0.6005854372484449,54.58,0.3994145627515551
2021-06-06T00:00:00.000+02:00,112.11,0.571057457212714,84.21,0.42894254278728605
2021-06-08T07:00:00.000+02:00,114.41,0.559626296223831,90.03,0.4403737037761691
2021-06-06T01:00:00.000+02:00,109.84,0.5738167380628983,81.58,0.4261832619371016
2021-06-02T20:00:00.000+02:00,239.27,0.7397662626762306,84.17,0.2602337373237695
2021-06-09T10:00:00.000+02:00,232.88,0.7396303118846471,81.98,0.2603696881153529
2021-06-10T04:00:00.000+02:00,100.41,0.5771021323064544,73.58,0.4228978676935456
2021-06-11T03:00:00.000+02:00,98.04,0.5799810695693327,71.0,0.42001893043066724
2021-06-15T03:00:00.000+02:00,107.8,0.5703703703703703,81.2,0.42962962962962964
2021-06-03T13:00:00.000+02:00,230.1,0.7454321627575482,78.58,0.25456783724245174
2021-06-10T06:00:00.000+02:00,109.45,0.5679813181110535,83.25,0.4320186818889466
2021-06-05T23:00:00.000+02:00,107.22,0.5726952248691379,80.0,0.42730477513086207
2021-06-03T05:00:00.000+02:00,107.53,0.5711174845974081,80.75,0.42888251540259187
2021-06-28T10:00:00.000+02:00,241.91,0.7295015228732546,89.7,0.2704984771267453
2021-06-05T01:00:00.000+02:00,96.97,0.5839103992292407,69.1,0.4160896007707593
2021-06-06T21:00:00.000+02:00,112.65,0.5712474645030426,84.55,0.4287525354969574
2021-06-19T07:00:00.000+02:00,117.46,0.5671656204732013,89.64,0.43283437952679865
2021-06-02T22:00:00.000+02:00,150.92,0.6351317229189462,86.7,0.3648682770810538
2021-06-22T03:00:00.000+02:00,115.65,0.5701257086517131,87.2,0.42987429134828686
2021-06-06T10:00:00.000+02:00,88.87,0.5783171731632719,64.8,0.421682826836728
2021-06-21T09:00:00.000+02:00,148.37,0.6224357091915929,90.0,0.3775642908084071
2021-06-19T05:00:00.000+02:00,120.04,0.5685596551887463,91.09,0.43144034481125376
2021-06-28T07:00:00.000+02:00,122.61,0.5624053942479703,95.4,0.43759460575202974
2021-06-06T13:00:00.000+02:00,88.51,0.5755999219613709,65.26,0.4244000780386291
2021-06-06T23:00:00.000+02:00,111.76,0.5744243421052632,82.8,0.42557565789473684
2021-06-28T20:00:00.000+02:00,252.28,0.724526134405514,95.92,0.27547386559448594
2021-06-30T16:00:00.000+02:00,145.51,0.624855069351999,87.36,0.37514493064800103
2021-06-07T00:00:00.000+02:00,105.31,0.5784356805448754,76.75,0.4215643194551247
2021-06-16T20:00:00.000+02:00,262.4,0.7132179065532331,105.51,0.2867820934467669
2021-06-10T01:00:00.000+02:00,104.22,0.5719459993414554,78.0,0.4280540006585446
2021-06-29T07:00:00.000+02:00,125.47,0.557842788547039,99.45,0.44215721145296105
2021-06-26T19:00:00.000+02:00,110.73,0.5648625210426975,85.3,0.4351374789573024
2021-06-10T14:00:00.000+02:00,142.21,0.6295542078002567,83.68,0.3704457921997432
2021-06-12T12:00:00.000+02:00,93.6,0.5686167304537998,71.01,0.4313832695462001
2021-06-25T18:00:00.000+02:00,240.8,0.7336542562915118,87.42,0.2663457437084882
2021-06-11T09:00:00.000+02:00,142.59,0.6263837638376384,85.05,0.3736162361623616
2021-06-16T15:00:00.000+02:00,141.07,0.6307623518891124,82.58,0.36923764811088755
2021-06-09T09:00:00.000+02:00,140.57,0.6299067933321384,82.59,0.37009320666786166
2021-06-27T02:00:00.000+02:00,115.58,0.5832071853870219,82.6,0.41679281461297807
2021-06-27T00:00:00.000+02:00,118.91,0.5756959573953038,87.64,0.4243040426046962
2021-06-08T21:00:00.000+02:00,241.6,0.7347038073227101,87.24,0.2652961926772899
2021-06-20T08:00:00.000+02:00,81.19,0.5961524340994199,55.0,0.4038475659005801
2021-06-02T16:00:00.000+02:00,132.27,0.6401297004307216,74.36,0.3598702995692784
2021-06-14T16:00:00.000+02:00,139.24,0.6301878252998416,81.71,0.3698121747001584
2021-06-27T06:00:00.000+02:00,113.21,0.5859427565860981,80.0,0.41405724341390204
2021-06-08T08:00:00.000+02:00,154.42,0.6219841301808515,93.85,0.37801586981914853
2021-06-14T08:00:00.000+02:00,154.03,0.623527506780553,93.0,0.37647249321944704
2021-06-14T06:00:00.000+02:00,115.54,0.5676525498673479,88.0,0.432347450132652
2021-06-06T07:00:00.000+02:00,99.05,0.59339803498682,67.87,0.40660196501317997
2021-06-11T20:00:00.000+02:00,244.23,0.7308992967230286,89.92,0.26910070327697144
2021-06-25T20:00:00.000+02:00,250.95,0.7253519091250686,95.02,0.27464809087493136
2021-06-19T09:00:00.000+02:00,117.04,0.5580242204634309,92.7,0.4419757795365691
2021-06-06T08:00:00.000+02:00,96.06,0.5931094097307977,65.9,0.40689059026920227
2021-06-15T20:00:00.000+02:00,255.74,0.7188958227919267,100.0,0.2811041772080733
2021-06-12T23:00:00.000+02:00,116.85,0.56853014158517,88.68,0.43146985841483
2021-06-16T11:00:00.000+02:00,245.63,0.7260286119650036,92.69,0.27397138803499643
2021-06-07T11:00:00.000+02:00,232.68,0.7417750573833206,81.0,0.2582249426166794
2021-06-25T16:00:00.000+02:00,138.65,0.6346118637861589,79.83,0.36538813621384103
2021-06-18T16:00:00.000+02:00,143.89,0.6259080429770759,86.0,0.374091957022924
2021-06-30T14:00:00.000+02:00,151.73,0.6214367627785059,92.43,0.37856323722149415
2021-06-01T00:00:00.000+02:00,116.33,0.5651751445367537,89.5,0.4348248554632464
2021-06-28T02:00:00.000+02:00,101.04,0.5900490539593553,70.2,0.4099509460406447
2021-06-15T19:00:00.000+02:00,255.14,0.718420904432055,100.0,0.281579095567945
2021-06-27T22:00:00.000+02:00,121.8,0.5672767919519353,92.91,0.43272320804806486
2021-06-14T22:00:00.000+02:00,155.95,0.6282226877215598,92.29,0.37177731227844024
2021-06-01T03:00:00.000+02:00,114.96,0.5699271230975163,86.75,0.4300728769024838
2021-06-19T12:00:00.000+02:00,111.73,0.5587338100715108,88.24,0.44126618992848926
2021-06-25T22:00:00.000+02:00,159.42,0.6254953505708792,95.45,0.3745046494291207
2021-06-14T21:00:00.000+02:00,251.04,0.7254652641313144,95.0,0.2745347358686857
2021-06-25T12:00:00.000+02:00,239.32,0.7346287257881328,86.45,0.2653712742118673
2021-06-10T00:00:00.000+02:00,108.8,0.5674054758800522,82.95,0.43259452411994787
2021-06-10T09:00:00.000+02:00,142.18,0.6269788772765357,84.59,0.3730211227234643
2021-06-18T04:00:00.000+02:00,115.62,0.5660987074030552,88.62,0.43390129259694477
2021-06-26T08:00:00.000+02:00,117.13,0.5650810497877268,90.15,0.4349189502122733
2021-06-25T11:00:00.000+02:00,242.25,0.7311883130602759,89.06,0.2688116869397241
2021-06-15T17:00:00.000+02:00,151.34,0.621417426295475,92.2,0.3785825737045249
2021-06-21T21:00:00.000+02:00,249.06,0.7264401341694618,93.79,0.27355986583053815
2021-06-24T05:00:00.000+02:00,101.54,0.5804939400868968,73.38,0.4195060599131031
2021-06-11T23:00:00.000+02:00,147.68,0.6345823306978342,85.04,0.3654176693021657
2021-06-23T09:00:00.000+02:00,154.9,0.6204935106553437,94.74,0.3795064893446563
2021-06-15T04:00:00.000+02:00,107.81,0.5703931008941326,81.2,0.42960689910586747
2021-06-28T06:00:00.000+02:00,118.8,0.5727785545537823,88.61,0.42722144544621765
2021-06-09T01:00:00.000+02:00,106.02,0.5730191330666955,79.0,0.42698086693330456
2021-06-27T21:00:00.000+02:00,116.35,0.5693662833374112,88.0,0.4306337166625887
2021-06-19T16:00:00.000+02:00,87.69,0.5706012493492972,65.99,0.4293987506507027
2021-06-20T15:00:00.000+02:00,46.73,0.6338849701573521,26.99,0.3661150298426478
2021-06-24T10:00:00.000+02:00,239.78,0.7329807721700853,87.35,0.2670192278299147
2021-06-21T00:00:00.000+02:00,94.12,0.5878458559740178,65.99,0.41215414402598205
2021-06-17T01:00:00.000+02:00,122.96,0.5617690058479532,95.92,0.4382309941520468
2021-06-01T10:00:00.000+02:00,242.62,0.7283261287223823,90.5,0.27167387127761766
2021-06-16T01:00:00.000+02:00,123.54,0.5652969708062597,95.0,0.4347030291937402
2021-06-07T06:00:00.000+02:00,108.41,0.572326047935804,81.01,0.42767395206419595
2021-06-17T15:00:00.000+02:00,141.32,0.6287875417130144,83.43,0.37121245828698557
2021-06-20T14:00:00.000+02:00,42.9,0.643950765535875,23.72,0.35604923446412484
2021-06-30T17:00:00.000+02:00,150.54,0.6207067166948419,91.99,0.37929328330515816
2021-06-19T01:00:00.000+02:00,121.36,0.5658336441626258,93.12,0.4341663558373741
2021-06-23T03:00:00.000+02:00,111.92,0.5771452145214521,82.0,0.4228547854785478
2021-06-09T06:00:00.000+02:00,109.98,0.5702286514232384,82.89,0.4297713485767615
2021-06-08T09:00:00.000+02:00,143.89,0.6277649317220017,85.32,0.37223506827799835
2021-06-21T11:00:00.000+02:00,239.63,0.731627637163008,87.9,0.26837236283699206
2021-06-30T08:00:00.000+02:00,160.98,0.6169943658732897,99.93,0.38300563412671046
2021-06-11T01:00:00.000+02:00,106.78,0.5716886176250134,80.0,0.4283113823749866
2021-06-11T10:00:00.000+02:00,233.73,0.7379471474126227,83.0,0.26205285258737726
2021-06-01T09:00:00.000+02:00,150.83,0.6213900218349606,91.9,0.37860997816503933
2021-06-17T04:00:00.000+02:00,120.87,0.5648922746179371,93.1,0.4351077253820629
2021-06-10T12:00:00.000+02:00,235.75,0.7365116061107813,84.34,0.26348839388921863
2021-06-23T21:00:00.000+02:00,246.4,0.7277667838260922,92.17,0.27223321617390794
2021-06-14T20:00:00.000+02:00,253.83,0.7207393946277472,98.35,0.2792606053722528
2021-06-21T19:00:00.000+02:00,250.14,0.7272991597127322,93.79,0.27270084028726777
2021-06-04T01:00:00.000+02:00,102.95,0.5757507969352944,75.86,0.42424920306470554
2021-06-05T05:00:00.000+02:00,94.51,0.5893246866620939,65.86,0.4106753133379061
2021-06-11T04:00:00.000+02:00,96.14,0.5819964888915794,69.05,0.4180035111084206
2021-06-03T06:00:00.000+02:00,111.76,0.5679727600752147,85.01,0.4320272399247853
2021-06-10T23:00:00.000+02:00,145.54,0.6379695787489589,82.59,0.36203042125104107
2021-06-05T14:00:00.000+02:00,104.82,0.5624295755754681,81.55,0.4375704244245318
2021-06-29T17:00:00.000+02:00,149.23,0.6237930025498474,90.0,0.37620699745015257
2021-06-28T13:00:00.000+02:00,239.59,0.7331619694605098,87.2,0.2668380305394902
2021-06-01T18:00:00.000+02:00,231.44,0.7437256981265464,79.75,0.2562743018734535
2021-06-04T23:00:00.000+02:00,140.65,0.6513081731882381,75.3,0.348691826811762
2021-06-19T11:00:00.000+02:00,113.1,0.5579674395658609,89.6,0.44203256043413913
2021-06-28T03:00:00.000+02:00,100.58,0.5933923303834808,68.92,0.4066076696165192
2021-06-02T07:00:00.000+02:00,115.64,0.5592417061611374,91.14,0.44075829383886256
2021-06-13T09:00:00.000+02:00,107.19,0.5735459361121515,79.7,0.4264540638878485
2021-06-09T14:00:00.000+02:00,140.26,0.6311195104391648,81.98,0.36888048956083513
2021-06-24T15:00:00.000+02:00,141.02,0.6308772871650338,82.51,0.36912271283496617
2021-06-28T19:00:00.000+02:00,247.2,0.7285373257493147,92.11,0.2714626742506852
2021-06-27T08:00:00.000+02:00,99.46,0.5939683487608242,67.99,0.4060316512391759
2021-06-11T11:00:00.000+02:00,234.14,0.7378671372746753,83.18,0.2621328627253246
2021-06-13T12:00:00.000+02:00,94.49,0.574477140077821,69.99,0.425522859922179
2021-06-04T14:00:00.000+02:00,137.15,0.6342783147574342,79.08,0.36572168524256576
2021-06-15T00:00:00.000+02:00,115.76,0.5625972006220841,90.0,0.43740279937791604
2021-06-24T00:00:00.000+02:00,109.82,0.5695467275178924,83.0,0.4304532724821077
2021-06-03T01:00:00.000+02:00,106.08,0.5702919197892586,79.93,0.4297080802107414
2021-06-18T23:00:00.000+02:00,155.05,0.6294657356284509,91.27,0.3705342643715492
2021-06-05T19:00:00.000+02:00,99.66,0.564102564102564,77.01,0.4358974358974359
2021-06-24T04:00:00.000+02:00,96.55,0.5834541938602852,68.93,0.41654580613971476
2021-06-10T03:00:00.000+02:00,102.1,0.5765104460756635,75.0,0.42348955392433657
2021-06-17T19:00:00.000+02:00,249.8,0.7225500404951984,95.92,0.27744995950480156
2021-06-18T13:00:00.000+02:00,245.97,0.7233560757557935,94.07,0.2766439242442066
2021-06-23T00:00:00.000+02:00,118.25,0.5686463092089444,89.7,0.43135369079105557
2021-06-24T19:00:00.000+02:00,246.87,0.7263659634566157,93.0,0.27363403654338425
2021-06-17T00:00:00.000+02:00,124.89,0.5605224182038508,97.92,0.4394775817961492
2021-06-22T02:00:00.000+02:00,115.18,0.5691273841288665,87.2,0.4308726158711335
2021-06-09T03:00:00.000+02:00,104.97,0.5754618716079163,77.44,0.42453812839208377
2021-06-14T11:00:00.000+02:00,239.33,0.7318288842002263,87.7,0.2681711157997737
2021-06-13T17:00:00.000+02:00,94.22,0.5737425404944586,70.0,0.42625745950554134
2021-06-09T16:00:00.000+02:00,129.49,0.6413253429745926,72.42,0.35867465702540735
2021-06-17T08:00:00.000+02:00,160.39,0.6183353251860133,99.0,0.3816646748139867
2021-06-26T07:00:00.000+02:00,120.46,0.5684488698032183,91.45,0.43155113019678165
2021-06-01T23:00:00.000+02:00,156.5,0.6309975002015967,91.52,0.3690024997984034
2021-06-11T22:00:00.000+02:00,151.15,0.6303695053799316,88.63,0.36963049462006836
2021-06-07T10:00:00.000+02:00,233.94,0.7391702739423046,82.55,0.26082972605769533
2021-06-19T00:00:00.000+02:00,120.52,0.5635198952634778,93.35,0.43648010473652216
2021-06-07T05:00:00.000+02:00,105.39,0.579607325523841,76.44,0.4203926744761591
2021-06-04T12:00:00.000+02:00,234.9,0.737519623233909,83.6,0.26248037676609104
2021-06-03T17:00:00.000+02:00,126.76,0.6465367744567989,69.3,0.35346322554320103
2021-06-15T23:00:00.000+02:00,157.45,0.6293217154962228,92.74,0.3706782845037771
2021-06-19T04:00:00.000+02:00,121.91,0.5694068192433442,92.19,0.43059318075665576
2021-06-03T12:00:00.000+02:00,231.53,0.7432029018072096,80.0,0.25679709819279045
2021-06-20T04:00:00.000+02:00,89.98,0.5920515857349651,62.0,0.4079484142650348
2021-06-26T01:00:00.000+02:00,118.0,0.5680450584893852,89.73,0.4319549415106147
2021-06-03T18:00:00.000+02:00,226.34,0.7511117010685604,75.0,0.24888829893143954
2021-06-29T18:00:00.000+02:00,246.54,0.7255230864306524,93.27,0.27447691356934756
2021-06-19T08:00:00.000+02:00,118.91,0.562381763147938,92.53,0.4376182368520621
2021-06-02T13:00:00.000+02:00,235.05,0.7378515821195379,83.51,0.2621484178804621
2021-06-21T17:00:00.000+02:00,140.85,0.62938469100496,82.94,0.37061530899503997
2021-06-11T05:00:00.000+02:00,99.34,0.5780959031657356,72.5,0.42190409683426444
2021-06-08T11:00:00.000+02:00,231.64,0.743412818126384,79.95,0.256587181873616
2021-06-26T10:00:00.000+02:00,111.16,0.5599717898342653,87.35,0.44002821016573473
2021-06-06T11:00:00.000+02:00,88.64,0.5769330903410571,65.0,0.423066909658943
2021-06-05T10:00:00.000+02:00,106.78,0.5604660927986563,83.74,0.4395339072013437
2021-06-04T11:00:00.000+02:00,235.06,0.7374200025097252,83.7,0.26257999749027483
2021-06-07T19:00:00.000+02:00,242.12,0.7334302677814128,88.0,0.26656973221858715
2021-06-12T22:00:00.000+02:00,119.33,0.5649827186212775,91.88,0.43501728137872264
2021-06-09T11:00:00.000+02:00,233.17,0.7398699032206886,81.98,0.2601300967793115
2021-06-09T13:00:00.000+02:00,233.54,0.7392143829329282,82.39,0.2607856170670718
2021-06-08T22:00:00.000+02:00,146.42,0.6355586422432502,83.96,0.3644413577567497
2021-06-28T05:00:00.000+02:00,105.59,0.5879503313102066,74.0,0.4120496686897934
2021-06-29T14:00:00.000+02:00,151.61,0.6233963815789474,91.59,0.3766036184210526
2021-06-25T03:00:00.000+02:00,102.76,0.57665544332211,75.44,0.42334455667789
2021-06-03T03:00:00.000+02:00,104.45,0.5745324532453245,77.35,0.4254675467546754
2021-06-03T10:00:00.000+02:00,233.13,0.7399308090265655,81.94,0.26006919097343445
2021-06-15T22:00:00.000+02:00,157.99,0.6256038647342995,94.55,0.3743961352657004
2021-06-18T22:00:00.000+02:00,156.4,0.6257001120179229,93.56,0.37429988798207714
2021-06-11T12:00:00.000+02:00,234.82,0.7367595381526103,83.9,0.26324046184738953
2021-06-06T02:00:00.000+02:00,104.54,0.5822657903531246,75.0,0.4177342096468753
2021-06-22T08:00:00.000+02:00,156.19,0.6193346286529997,96.0,0.3806653713470003
2021-06-07T04:00:00.000+02:00,95.47,0.5908893977842421,66.1,0.40911060221575785
2021-06-30T06:00:00.000+02:00,122.35,0.5637729241544558,94.67,0.4362270758455442
2021-06-09T21:00:00.000+02:00,241.9,0.7367363099226412,86.44,0.2632636900773588
2021-06-30T03:00:00.000+02:00,115.5,0.5700325732899023,87.12,0.42996742671009774
2021-06-19T03:00:00.000+02:00,121.92,0.5694269300826678,92.19,0.4305730699173322
2021-06-05T09:00:00.000+02:00,102.36,0.5637805684071381,79.2,0.43621943159286186
2021-06-22T05:00:00.000+02:00,114.29,0.5680699835975943,86.9,0.4319300164024057
2021-06-23T19:00:00.000+02:00,247.31,0.7281747784353562,92.32,0.27182522156464384
2021-06-23T08:00:00.000+02:00,156.86,0.6228063209719685,95.0,0.3771936790280314
2021-06-05T20:00:00.000+02:00,107.3,0.5681758009001854,81.55,0.4318241990998147
2021-06-15T06:00:00.000+02:00,110.41,0.5650171434419937,85.0,0.4349828565580062
2021-06-08T04:00:00.000+02:00,109.29,0.5707943803206769,82.18,0.4292056196793231
2021-06-17T05:00:00.000+02:00,120.13,0.5639641331392893,92.88,0.4360358668607108
2021-06-11T15:00:00.000+02:00,138.98,0.6312108275047688,81.2,0.3687891724952312
2021-06-17T13:00:00.000+02:00,241.94,0.7295919905913573,89.67,0.2704080094086427
2021-06-01T15:00:00.000+02:00,132.88,0.6406943105110897,74.52,0.35930568948891034
2021-06-12T00:00:00.000+02:00,108.74,0.5671813060713541,82.98,0.43281869392864597
2021-06-16T18:00:00.000+02:00,249.26,0.7226812791742774,95.65,0.2773187208257227
2021-06-05T00:00:00.000+02:00,103.4,0.5756597260884089,76.22,0.4243402739115911
2021-06-12T18:00:00.000+02:00,97.0,0.5694159084238333,73.35,0.43058409157616667
2021-06-04T10:00:00.000+02:00,235.55,0.7366692728694293,84.2,0.26333072713057076
2021-06-01T17:00:00.000+02:00,135.99,0.6354672897196262,78.01,0.3645327102803739
2021-06-26T11:00:00.000+02:00,110.24,0.5604758757435558,86.45,0.43952412425644416
2021-06-01T02:00:00.000+02:00,114.89,0.5699191428146237,86.7,0.43008085718537625
2021-06-02T01:00:00.000+02:00,114.37,0.5679594775785867,87.0,0.43204052242141333
2021-06-09T19:00:00.000+02:00,238.64,0.7361569546842707,85.53,0.26384304531572944
2021-06-29T13:00:00.000+02:00,246.25,0.7259086755298765,92.98,0.2740913244701235
2021-06-21T22:00:00.000+02:00,157.11,0.6260859169522596,93.83,0.3739140830477405
2021-06-21T14:00:00.000+02:00,146.91,0.6247501594726771,88.24,0.375249840527323
2021-06-08T18:00:00.000+02:00,236.05,0.7380252626313156,83.79,0.2619747373686843
2021-06-16T06:00:00.000+02:00,122.72,0.5636338584485371,95.01,0.4363661415514628
2021-06-18T10:00:00.000+02:00,247.92,0.7208862783867873,95.99,0.2791137216132128
2021-06-27T16:00:00.000+02:00,37.86,0.6964679911699779,16.5,0.30353200883002207
2021-06-01T13:00:00.000+02:00,235.3,0.7386363636363636,83.26,0.26136363636363635
2021-06-04T08:00:00.000+02:00,149.52,0.6263929618768328,89.18,0.37360703812316715
2021-06-13T15:00:00.000+02:00,94.64,0.574864848448035,69.99,0.425135151551965
2021-06-24T01:00:00.000+02:00,106.61,0.573480365788058,79.29,0.42651963421194194
2021-06-24T12:00:00.000+02:00,243.22,0.7295578618993341,90.16,0.2704421381006659
2021-06-02T15:00:00.000+02:00,136.15,0.6357396339185655,78.01,0.3642603660814344
2021-06-07T03:00:00.000+02:00,95.28,0.5912870795581483,65.86,0.4087129204418518
2021-06-26T13:00:00.000+02:00,91.26,0.5695562628721212,68.97,0.43044373712787865
2021-06-09T15:00:00.000+02:00,134.8,0.6362392032850334,77.07,0.3637607967149667
2021-06-20T18:00:00.000+02:00,42.08,0.6628859483301828,21.4,0.3371140516698173
2021-06-27T14:00:00.000+02:00,41.76,0.6577413765947393,21.73,0.3422586234052607
2021-06-26T18:00:00.000+02:00,99.0,0.5687040441176471,75.08,0.431295955882353
2021-06-12T11:00:00.000+02:00,92.95,0.5686754359131233,70.5,0.43132456408687675
2021-06-08T23:00:00.000+02:00,142.31,0.6420772423750226,79.33,0.35792275762497744
2021-06-05T18:00:00.000+02:00,99.19,0.5666381033990288,75.86,0.43336189660097113
2021-06-05T02:00:00.000+02:00,94.35,0.5888777930345774,65.87,0.41112220696542257
2021-06-16T23:00:00.000+02:00,161.28,0.6277196123457751,95.65,0.3722803876542249
2021-06-11T07:00:00.000+02:00,114.68,0.5602892319718585,90.0,0.43971076802814146
2021-06-29T02:00:00.000+02:00,115.07,0.5691181561897225,87.12,0.4308818438102775
2021-06-18T14:00:00.000+02:00,150.97,0.6208158565671519,92.21,0.37918414343284806
2021-06-22T23:00:00.000+02:00,146.55,0.6385899167719726,82.94,0.36141008322802737
2021-06-14T10:00:00.000+02:00,238.99,0.7319082473279637,87.54,0.2680917526720363
2021-06-15T12:00:00.000+02:00,245.05,0.7270434653612223,92.0,0.2729565346387776
2021-06-29T21:00:00.000+02:00,251.1,0.7239649406066198,95.74,0.27603505939338024
2021-06-22T14:00:00.000+02:00,148.66,0.6236784695418693,89.7,0.37632153045813055
2021-06-03T02:00:00.000+02:00,102.96,0.5734655230032305,76.58,0.42653447699676955
2021-06-10T10:00:00.000+02:00,234.88,0.7366011227145859,83.99,0.2633988772854141
2021-06-20T19:00:00.000+02:00,86.12,0.5810282013223587,62.1,0.41897179867764134
2021-06-22T12:00:00.000+02:00,242.14,0.7284158594549065,90.28,0.2715841405450936
2021-06-01T19:00:00.000+02:00,240.4,0.7349434423723632,86.7,0.2650565576276368
2021-06-14T04:00:00.000+02:00,116.62,0.5735785953177258,86.7,0.4264214046822743
2021-06-16T08:00:00.000+02:00,161.78,0.617999847199939,100.0,0.38200015280006117
2021-06-28T12:00:00.000+02:00,239.34,0.7339916584887145,86.74,0.26600834151128555
2021-06-26T09:00:00.000+02:00,112.04,0.5610977564102564,87.64,0.43890224358974356
2021-06-01T04:00:00.000+02:00,114.84,0.5698124441798154,86.7,0.43018755582018453
2021-06-20T11:00:00.000+02:00,66.79,0.5941113680839708,45.63,0.40588863191602914
2021-06-16T16:00:00.000+02:00,143.85,0.6272073250490516,85.5,0.37279267495094837
2021-06-18T18:00:00.000+02:00,243.06,0.7273761072540101,91.1,0.27262389274598997
2021-06-06T12:00:00.000+02:00,88.4,0.5766470971950424,64.9,0.42335290280495763
2021-06-20T02:00:00.000+02:00,93.05,0.5859940802317526,65.74,0.41400591976824735
2021-06-13T23:00:00.000+02:00,121.51,0.5674325207807976,92.63,0.4325674792192024
2021-06-25T08:00:00.000+02:00,159.91,0.6191822194687524,98.35,0.3808177805312476
2021-06-25T23:00:00.000+02:00,153.98,0.6318683573392424,89.71,0.3681316426607575
2021-06-04T04:00:00.000+02:00,105.77,0.5753059559423443,78.08,0.4246940440576557
2021-06-02T06:00:00.000+02:00,115.76,0.5665345274800568,88.57,0.4334654725199432
2021-06-01T06:00:00.000+02:00,116.29,0.5650906263666845,89.5,0.4349093736333155
2021-06-07T20:00:00.000+02:00,244.94,0.7314043417241483,89.95,0.2685956582758518
2021-06-04T02:00:00.000+02:00,102.52,0.5775449270463636,74.99,0.42245507295363643
2021-06-07T14:00:00.000+02:00,137.06,0.6358027554854572,78.51,0.3641972445145429
2021-06-03T09:00:00.000+02:00,141.77,0.6286360411493438,83.75,0.37136395885065626
2021-06-28T00:00:00.000+02:00,111.43,0.5784664901624877,81.2,0.42153350983751237
2021-06-13T21:00:00.000+02:00,120.69,0.5640773976444196,93.27,0.4359226023555805
2021-06-26T22:00:00.000+02:00,119.52,0.5676561386843979,91.03,0.432343861315602
2021-06-14T02:00:00.000+02:00,112.99,0.5737280389966487,83.95,0.4262719610033513
2021-06-29T10:00:00.000+02:00,252.36,0.7179516358463728,99.14,0.28204836415362733
2021-06-09T22:00:00.000+02:00,148.93,0.6366434403454024,85.0,0.3633565596545975
2021-06-22T09:00:00.000+02:00,151.94,0.6186733987540209,93.65,0.3813266012459791
2021-06-06T17:00:00.000+02:00,78.33,0.5875337533753375,54.99,0.4124662466246625
2021-06-19T10:00:00.000+02:00,115.49,0.5565246723207402,92.03,0.4434753276792599
2021-06-20T00:00:00.000+02:00,108.46,0.572620241803495,80.95,0.427379758196505
2021-06-25T10:00:00.000+02:00,244.29,0.727616608089593,91.45,0.2723833919104069
2021-06-12T05:00:00.000+02:00,100.76,0.5787146057090345,73.35,0.4212853942909654
2021-06-21T12:00:00.000+02:00,241.01,0.7298467688207861,89.21,0.27015323117921386
2021-06-05T13:00:00.000+02:00,107.01,0.5609960681520315,83.74,0.43900393184796854
2021-06-11T19:00:00.000+02:00,241.17,0.7325051634066334,88.07,0.26749483659336654
2021-06-15T10:00:00.000+02:00,242.36,0.7292092911300999,90.0,0.2707907088699001
2021-06-02T05:00:00.000+02:00,111.97,0.5684044875374384,85.02,0.4315955124625615
2021-06-25T02:00:00.000+02:00,103.8,0.5741468001548758,76.99,0.42585319984512415
2021-06-20T20:00:00.000+02:00,104.83,0.5695115988482643,79.24,0.43048840115173576
2021-06-24T06:00:00.000+02:00,109.01,0.5722009343341558,81.5,0.42779906566584436
2021-06-10T13:00:00.000+02:00,235.67,0.7364457360707478,84.34,0.26355426392925224
2021-06-16T00:00:00.000+02:00,125.65,0.5630741653596236,97.5,0.43692583464037643
2021-06-16T05:00:00.000+02:00,121.72,0.5656659540849521,93.46,0.4343340459150478
2021-06-29T16:00:00.000+02:00,148.24,0.6248524700725004,89.0,0.37514752992749956
2021-06-01T07:00:00.000+02:00,115.7,0.559477756286267,91.1,0.440522243713733
2021-06-23T18:00:00.000+02:00,247.13,0.726105479653298,93.22,0.2738945203467019
2021-06-18T02:00:00.000+02:00,115.82,0.5650583012148119,89.15,0.4349416987851881
2021-06-02T11:00:00.000+02:00,236.68,0.7352822392742863,85.21,0.26471776072571374
2021-06-08T05:00:00.000+02:00,111.21,0.5692276193888519,84.16,0.43077238061114803
2021-06-15T15:00:00.000+02:00,148.94,0.6246173201929126,89.51,0.3753826798070875
2021-06-11T21:00:00.000+02:00,242.47,0.7335572094148969,88.07,0.2664427905851032
2021-06-30T05:00:00.000+02:00,120.34,0.5667325986625223,92.0,0.4332674013374776
2021-06-29T11:00:00.000+02:00,251.02,0.7199977053694355,97.62,0.28000229463056453
2021-06-01T01:00:00.000+02:00,115.95,0.5682152308144663,88.11,0.43178476918553366
2021-06-04T03:00:00.000+02:00,105.81,0.5756487677493064,78.0,0.42435123225069366
2021-06-25T14:00:00.000+02:00,138.37,0.6358038873317098,79.26,0.3641961126682903
2021-06-30T21:00:00.000+02:00,252.64,0.7225304581593548,97.02,0.2774695418406452
2021-06-20T23:00:00.000+02:00,108.62,0.5728298702668495,81.0,0.4271701297331505
2021-06-26T02:00:00.000+02:00,120.18,0.5690071492827045,91.03,0.4309928507172956
2021-06-14T03:00:00.000+02:00,114.76,0.5744893872647178,85.0,0.42551061273528235
2021-06-16T12:00:00.000+02:00,245.19,0.7267257476510863,92.2,0.2732742523489137
2021-06-13T10:00:00.000+02:00,100.69,0.5698681306242571,76.0,0.4301318693757428
2021-06-11T00:00:00.000+02:00,109.81,0.5668783232667389,83.9,0.4331216767332611
2021-06-23T01:00:00.000+02:00,116.5,0.5724534420912978,87.01,0.42754655790870233
2021-06-26T16:00:00.000+02:00,87.74,0.5731643585053567,65.34,0.42683564149464337
2021-06-07T23:00:00.000+02:00,146.58,0.6397241740496662,82.55,0.36027582595033386
2021-06-30T15:00:00.000+02:00,145.83,0.6255576527110501,87.29,0.37444234728894993
2021-06-15T01:00:00.000+02:00,113.27,0.5655864582813203,87.0,0.4344135417186798
2021-06-25T15:00:00.000+02:00,138.16,0.6363301400147383,78.96,0.3636698599852616
2021-06-17T12:00:00.000+02:00,245.37,0.7257534975893992,92.72,0.2742465024106007
2021-06-01T22:00:00.000+02:00,155.91,0.627935075919288,92.38,0.37206492408071207
2021-06-23T07:00:00.000+02:00,117.71,0.5610848944182277,92.08,0.43891510558177227
2021-06-04T17:00:00.000+02:00,133.79,0.6380371023892413,75.9,0.3619628976107588
2021-06-10T19:00:00.000+02:00,242.53,0.7301821466205028,89.62,0.26981785337949726
2021-06-02T10:00:00.000+02:00,239.96,0.7304051380391442,88.57,0.2695948619608559
2021-06-17T18:00:00.000+02:00,245.38,0.7252682292436379,92.95,0.2747317707563621
2021-06-02T23:00:00.000+02:00,148.31,0.6405649375890813,83.22,0.35943506241091866
2021-06-30T10:00:00.000+02:00,251.41,0.7177605846918093,98.86,0.28223941530819086
2021-06-23T05:00:00.000+02:00,116.24,0.5722162055725116,86.9,0.4277837944274885
2021-06-06T04:00:00.000+02:00,99.5,0.5905044510385756,69.0,0.4094955489614243
2021-06-10T17:00:00.000+02:00,139.25,0.6302330844082372,81.7,0.3697669155917629
2021-06-14T07:00:00.000+02:00,118.8,0.5609065155807365,93.0,0.43909348441926344
2021-06-23T12:00:00.000+02:00,244.18,0.7282216456413468,91.13,0.27177835435865316
2021-06-27T15:00:00.000+02:00,32.32,0.7159946832077979,12.82,0.28400531679220203
2021-06-13T14:00:00.000+02:00,97.72,0.5712281522183902,73.35,0.42877184778160987
2021-06-29T20:00:00.000+02:00,251.2,0.7242114974341232,95.66,0.2757885025658767
2021-06-08T20:00:00.000+02:00,241.82,0.7347025581819286,87.32,0.2652974418180713
2021-06-10T05:00:00.000+02:00,107.68,0.5707017171931312,81.0,0.42929828280686877
2021-06-08T03:00:00.000+02:00,106.38,0.5728286037370094,79.33,0.4271713962629907
2021-06-15T07:00:00.000+02:00,118.08,0.557954921324954,93.55,0.44204507867504605
2021-06-16T17:00:00.000+02:00,151.64,0.6207630587850008,92.64,0.37923694121499923
2021-06-16T04:00:00.000+02:00,122.7,0.5679240916454524,93.35,0.4320759083545475
2021-06-22T15:00:00.000+02:00,145.44,0.6259791684600154,86.9,0.3740208315399845
2021-06-22T19:00:00.000+02:00,247.71,0.7262944936374831,93.35,0.27370550636251684
2021-06-24T14:00:00.000+02:00,143.44,0.6289021396001403,84.64,0.3710978603998597
2021-06-20T16:00:00.000+02:00,26.31,0.7668318274555522,8.0,0.23316817254444766
2021-06-22T06:00:00.000+02:00,115.74,0.5625273390036452,90.01,0.43747266099635485
2021-06-05T08:00:00.000+02:00,102.83,0.5736680613668061,76.42,0.42633193863319385
2021-06-03T21:00:00.000+02:00,242.13,0.7349521930490212,87.32,0.2650478069509789
2021-06-11T08:00:00.000+02:00,152.68,0.6233363272638197,92.26,0.3766636727361803
2021-06-12T09:00:00.000+02:00,100.89,0.5664795058955643,77.21,0.4335204941044357
2021-06-03T14:00:00.000+02:00,132.65,0.640790299985508,74.36,0.35920970001449204
2021-06-21T03:00:00.000+02:00,92.2,0.5956457135473867,62.59,0.4043542864526132
2021-06-17T10:00:00.000+02:00,247.54,0.7218172275033533,95.4,0.27818277249664664
2021-06-17T21:00:00.000+02:00,254.54,0.7201584382515207,98.91,0.2798415617484793
2021-06-15T13:00:00.000+02:00,245.38,0.7268795544759761,92.2,0.273120445524024
2021-06-16T07:00:00.000+02:00,125.12,0.5575509112784635,99.29,0.44244908872153643
2021-06-14T19:00:00.000+02:00,249.06,0.7238853688310178,95.0,0.27611463116898216
2021-06-10T07:00:00.000+02:00,113.05,0.5587682878608146,89.27,0.44123171213918544
2021-06-16T03:00:00.000+02:00,122.53,0.5675838428756717,93.35,0.4324161571243283
2021-06-01T05:00:00.000+02:00,116.03,0.5686908787923345,88.0,0.4313091212076655
2021-06-25T04:00:00.000+02:00,103.25,0.5767512009831305,75.77,0.4232487990168696
2021-06-02T04:00:00.000+02:00,111.85,0.57060504030201,84.17,0.4293949596979901
2021-06-17T09:00:00.000+02:00,156.18,0.6174342755485275,96.77,0.38256572445147263
2021-06-06T14:00:00.000+02:00,87.8,0.576153290898353,64.59,0.4238467091016471
2021-06-19T22:00:00.000+02:00,117.81,0.5635224337510762,91.25,0.43647756624892375
2021-06-07T15:00:00.000+02:00,135.54,0.6378052797515411,76.97,0.3621947202484589
2021-06-17T11:00:00.000+02:00,245.8,0.7247530591183843,93.35,0.27524694088161583
2021-06-24T22:00:00.000+02:00,157.42,0.6253277190752363,94.32,0.3746722809247636
2021-06-18T08:00:00.000+02:00,160.95,0.6167375560409243,100.02,0.38326244395907577
2021-06-20T09:00:00.000+02:00,79.33,0.5905605598153801,55.0,0.40943944018462003
2021-06-15T18:00:00.000+02:00,247.78,0.7236988141830715,94.6,0.27630118581692853
2021-06-04T06:00:00.000+02:00,111.09,0.5690794528968802,84.12,0.4309205471031197
2021-06-14T05:00:00.000+02:00,117.02,0.5727570848220841,87.29,0.42724291517791596
2021-06-29T05:00:00.000+02:00,118.31,0.567951610580385,90.0,0.432048389419615
2021-06-03T08:00:00.000+02:00,149.44,0.6262677059760288,89.18,0.3737322940239712
2021-06-22T20:00:00.000+02:00,244.83,0.7305959237265376,90.28,0.2694040762734624
2021-06-13T00:00:00.000+02:00,108.34,0.5733488569009314,80.62,0.4266511430990686
2021-06-01T21:00:00.000+02:00,248.08,0.7283189478010687,92.54,0.27168105219893135
2021-06-12T06:00:00.000+02:00,100.73,0.5786420036764707,73.35,0.42135799632352944
2021-06-24T23:00:00.000+02:00,152.85,0.6322385837193911,88.91,0.3677614162806089
2021-06-02T17:00:00.000+02:00,136.19,0.6343565140435046,78.5,0.36564348595649543
2021-06-07T07:00:00.000+02:00,111.14,0.5639334280495231,85.94,0.436066571950477
2021-06-15T14:00:00.000+02:00,150.85,0.6234759247778466,91.1,0.3765240752221533
2021-06-09T08:00:00.000+02:00,147.87,0.6266209000762776,88.11,0.3733790999237223
2021-06-30T13:00:00.000+02:00,248.72,0.7213457076566125,96.08,0.27865429234338746
2021-06-18T19:00:00.000+02:00,250.64,0.720975722011276,97.0,0.279024277988724
2021-06-27T17:00:00.000+02:00,41.13,0.686644407345576,18.77,0.313355592654424
2021-06-05T21:00:00.000+02:00,110.92,0.5674528060571955,84.55,0.4325471939428045
2021-06-11T16:00:00.000+02:00,137.49,0.6321669961837326,80.0,0.3678330038162674
2021-06-24T21:00:00.000+02:00,248.98,0.72610090405366,93.92,0.27389909594634004
2021-06-26T05:00:00.000+02:00,123.31,0.5691405889411982,93.35,0.43085941105880177
2021-06-24T13:00:00.000+02:00,239.32,0.7326271964733975,87.34,0.26737280352660264
2021-06-21T05:00:00.000+02:00,95.01,0.5901242236024845,65.99,0.4098757763975155
2021-06-13T13:00:00.000+02:00,97.28,0.571764429293523,72.86,0.42823557070647705
2021-06-21T23:00:00.000+02:00,154.32,0.6304179092283182,90.47,0.36958209077168186
2021-06-06T22:00:00.000+02:00,114.14,0.5705003248862898,85.93,0.42949967511371023
2021-06-09T02:00:00.000+02:00,101.76,0.5756632912824574,75.01,0.4243367087175426
2021-06-14T15:00:00.000+02:00,139.56,0.6307226465404258,81.71,0.3692773534595743
2021-06-19T23:00:00.000+02:00,114.11,0.5674009248669881,87.0,0.43259907513301177
2021-06-10T16:00:00.000+02:00,135.57,0.6341269470040694,78.22,0.3658730529959306
2021-06-18T00:00:00.000+02:00,119.21,0.5608298833270605,93.35,0.43917011667293937
2021-06-16T22:00:00.000+02:00,165.08,0.6227553945978572,100.0,0.3772446054021427
2021-06-21T20:00:00.000+02:00,251.17,0.7275228826323716,94.07,0.2724771173676283
2021-06-29T09:00:00.000+02:00,160.43,0.6153108579756836,100.3,0.3846891420243163
2021-06-28T17:00:00.000+02:00,150.21,0.6241585639491398,90.45,0.3758414360508601
2021-06-13T07:00:00.000+02:00,110.42,0.5789335710166204,80.31,0.4210664289833796
2021-06-22T04:00:00.000+02:00,111.81,0.5714504753143208,83.85,0.4285495246856792
2021-06-01T11:00:00.000+02:00,240.5,0.7316924761933737,88.19,0.2683075238066263
2021-06-08T16:00:00.000+02:00,132.11,0.6395101171458999,74.47,0.36048988285410005
2021-06-05T06:00:00.000+02:00,93.76,0.5873950632752788,65.86,0.4126049367247212
2021-06-22T21:00:00.000+02:00,243.94,0.7311473444431124,89.7,0.2688526555568877
2021-06-04T09:00:00.000+02:00,145.98,0.6250749336302133,87.56,0.3749250663697868
2021-06-20T05:00:00.000+02:00,87.94,0.5945507403150565,59.97,0.40544925968494355
2021-06-13T05:00:00.000+02:00,111.19,0.578481868789345,81.02,0.421518131210655
2021-06-07T12:00:00.000+02:00,231.98,0.7435733059811526,80.0,0.2564266940188473
2021-06-09T17:00:00.000+02:00,135.81,0.634240881707374,78.32,0.365759118292626
2021-06-16T21:00:00.000+02:00,257.64,0.7187011827717027,100.84,0.28129881722829725
2021-06-19T20:00:00.000+02:00,118.72,0.5614035087719298,92.75,0.43859649122807015
2021-06-04T22:00:00.000+02:00,144.42,0.6425234684343996,80.35,0.3574765315656004
2021-06-18T06:00:00.000+02:00,117.4,0.5622066851834115,91.42,0.43779331481658845
2021-06-21T15:00:00.000+02:00,138.11,0.6332125991472193,80.0,0.36678740085278067
2021-06-28T21:00:00.000+02:00,255.13,0.720482335997289,98.98,0.279517664002711
2021-06-05T04:00:00.000+02:00,94.31,0.589584896224056,65.65,0.410415103775944
2021-06-06T20:00:00.000+02:00,104.19,0.5770061472005317,76.38,0.42299385279946833
2021-06-04T00:00:00.000+02:00,103.12,0.5718722271517303,77.2,0.42812777284826975
2021-06-12T04:00:00.000+02:00,104.76,0.5756992910919383,77.21,0.42430070890806176
2021-06-30T00:00:00.000+02:00,117.6,0.5657382017607158,90.27,0.4342617982392841
2021-06-18T03:00:00.000+02:00,116.08,0.5659402271951636,89.03,0.43405977280483643
2021-06-08T13:00:00.000+02:00,231.69,0.7433347236035804,80.0,0.2566652763964195
2021-06-09T20:00:00.000+02:00,240.71,0.7351944045691946,86.7,0.2648055954308054
2021-06-18T07:00:00.000+02:00,121.74,0.5564239681886741,97.05,0.44357603181132593
2021-06-19T17:00:00.000+02:00,95.45,0.566636984268329,73.0,0.43336301573167113
2021-06-30T01:00:00.000+02:00,117.25,0.5680441839058186,89.16,0.4319558160941815
2021-06-20T22:00:00.000+02:00,115.53,0.5672689777079446,88.13,0.43273102229205535
2021-06-19T06:00:00.000+02:00,117.32,0.5683833147618816,89.09,0.43161668523811836
2021-06-02T09:00:00.000+02:00,148.53,0.6225062866722548,90.07,0.3774937133277452
2021-06-30T12:00:00.000+02:00,251.76,0.7180423250242427,98.86,0.28195767497575724
2021-06-17T23:00:00.000+02:00,157.45,0.6295985284708893,92.63,0.3704014715291107
2021-06-01T08:00:00.000+02:00,152.89,0.6234555315418179,92.34,0.3765444684581821
2021-06-07T02:00:00.000+02:00,94.41,0.5890684469956948,65.86,0.4109315530043053
2021-06-29T23:00:00.000+02:00,156.37,0.6291795759063292,92.16,0.3708204240936708
2021-06-19T18:00:00.000+02:00,104.68,0.563765618267988,81.0,0.43623438173201207
2021-06-01T20:00:00.000+02:00,246.2,0.7314319667260842,90.4,0.26856803327391565
2021-06-22T16:00:00.000+02:00,140.72,0.6306637386277059,82.41,0.3693362613722942
2021-06-28T04:00:00.000+02:00,99.45,0.593944099378882,67.99,0.40605590062111796
2021-06-23T14:00:00.000+02:00,150.63,0.6252542443236063,90.28,0.3747457556763937
2021-06-29T04:00:00.000+02:00,115.48,0.569990128331688,87.12,0.4300098716683119
2021-06-25T09:00:00.000+02:00,154.5,0.6191888425777493,95.02,0.38081115742225075
2021-06-16T02:00:00.000+02:00,122.17,0.5668615441722347,93.35,0.4331384558277654
2021-06-15T02:00:00.000+02:00,110.42,0.5677996606160334,84.05,0.4322003393839667
2021-06-16T10:00:00.000+02:00,245.97,0.724890958387363,93.35,0.27510904161263705
2021-06-06T18:00:00.000+02:00,86.47,0.5902791999453887,60.02,0.40972080005461126
2021-06-19T15:00:00.000+02:00,88.82,0.5703827382481377,66.9,0.4296172617518624
2021-06-03T07:00:00.000+02:00,112.82,0.5617686600607479,88.01,0.4382313399392522
2021-06-02T18:00:00.000+02:00,231.2,0.7448933565307043,79.18,0.25510664346929574
2021-06-03T19:00:00.000+02:00,234.88,0.7412503550351879,81.99,0.25874964496481206
2021-06-06T09:00:00.000+02:00,93.35,0.5871069182389936,65.65,0.4128930817610063
2021-06-19T19:00:00.000+02:00,114.41,0.5624600560444423,89.0,0.43753994395555773
2021-06-29T19:00:00.000+02:00,250.49,0.7238758525026009,95.55,0.2761241474973991
2021-06-27T20:00:00.000+02:00,99.02,0.5789966085837914,72.0,0.4210033914162087
2021-06-28T09:00:00.000+02:00,153.58,0.6197239932208862,94.24,0.3802760067791139
2021-06-14T00:00:00.000+02:00,116.45,0.5704139113397012,87.7,0.4295860886602988
2021-06-21T02:00:00.000+02:00,91.19,0.5933758459135866,62.49,0.40662415408641334
2021-06-10T08:00:00.000+02:00,152.58,0.6225722213154888,92.5,0.37742777868451116
2021-06-28T22:00:00.000+02:00,161.39,0.6234162546353522,97.49,0.3765837453646477
2021-06-12T02:00:00.000+02:00,106.82,0.571933394014028,79.95,0.4280666059859721
2021-06-30T04:00:00.000+02:00,114.51,0.5707521307880178,86.12,0.42924786921198227
2021-06-05T15:00:00.000+02:00,100.25,0.563613875302187,77.62,0.436386124697813
2021-06-06T05:00:00.000+02:00,100.33,0.592336757586492,69.05,0.4076632424135081
2021-06-24T17:00:00.000+02:00,149.55,0.6236186981360244,90.26,0.37638130186397567
2021-06-25T21:00:00.000+02:00,251.68,0.7242589928057555,95.82,0.2757410071942446
2021-06-27T18:00:00.000+02:00,64.57,0.6238044633368757,38.94,0.37619553666312433
2021-06-04T16:00:00.000+02:00,129.52,0.6425878150426673,72.04,0.35741218495733285
2021-06-16T13:00:00.000+02:00,242.45,0.7293045361569005,89.99,0.2706954638430995
2021-06-27T23:00:00.000+02:00,116.11,0.5717732801497021,86.96,0.4282267198502979
2021-06-21T10:00:00.000+02:00,239.35,0.7311075814038732,88.03,0.26889241859612684
2021-06-13T02:00:00.000+02:00,109.14,0.5771854672378233,79.95,0.42281453276217673
2021-06-13T03:00:00.000+02:00,109.96,0.5788587070962308,80.0,0.4211412929037693
2021-06-12T03:00:00.000+02:00,107.4,0.5740245857830037,79.7,0.4259754142169962
2021-06-20T21:00:00.000+02:00,112.29,0.5668921647819063,85.79,0.4331078352180937
2021-06-27T11:00:00.000+02:00,87.23,0.5845731135236564,61.99,0.4154268864763437
2021-06-11T02:00:00.000+02:00,101.05,0.5754228119127611,74.56,0.42457718808723877
2021-06-26T17:00:00.000+02:00,91.97,0.5706042933366422,69.21,0.4293957066633577
2021-06-03T04:00:00.000+02:00,104.62,0.5742041712403952,77.58,0.42579582875960487
2021-06-19T13:00:00.000+02:00,110.18,0.5592609512207503,86.83,0.4407390487792498
2021-06-26T03:00:00.000+02:00,121.4,0.5703547098895936,91.45,0.42964529011040636
2021-06-13T16:00:00.000+02:00,94.86,0.5755718706389176,69.95,0.4244281293610825
2021-06-05T16:00:00.000+02:00,98.99,0.564979167855716,76.22,0.43502083214428405
2021-06-26T15:00:00.000+02:00,87.17,0.573335964219942,64.87,0.42666403578005785
2021-06-08T12:00:00.000+02:00,231.79,0.7430833840925848,80.14,0.2569166159074151
2021-06-04T18:00:00.000+02:00,231.88,0.7437056993489208,79.91,0.2562943006510793
2021-06-02T00:00:00.000+02:00,116.2,0.5644612843680171,89.66,0.4355387156319829
2021-06-24T07:00:00.000+02:00,118.3,0.5604244634989815,92.79,0.43957553650101855
2021-06-04T15:00:00.000+02:00,134.09,0.6380073274016272,76.08,0.3619926725983727
2021-06-23T06:00:00.000+02:00,118.54,0.5676659323819558,90.28,0.43233406761804427
2021-06-28T23:00:00.000+02:00,158.85,0.6285861263899332,93.86,0.3714138736100669
2021-06-27T01:00:00.000+02:00,119.19,0.578339560386239,86.9,0.421660439613761
2021-06-19T02:00:00.000+02:00,121.75,0.5677314059221265,92.7,0.43226859407787366
2021-06-14T14:00:00.000+02:00,145.79,0.6254933928264973,87.29,0.3745066071735027
2021-06-12T21:00:00.000+02:00,118.17,0.563815067512763,91.42,0.436184932487237
2021-06-22T10:00:00.000+02:00,242.48,0.727185485080222,90.97,0.2728145149197781
2021-06-25T19:00:00.000+02:00,247.7,0.726286468259786,93.35,0.27371353174021407
2021-06-26T14:00:00.000+02:00,87.99,0.5723671371885773,65.74,0.4276328628114226
2021-06-30T19:00:00.000+02:00,253.44,0.719325632219794,98.89,0.28067436778020605
2021-06-11T13:00:00.000+02:00,234.09,0.7374539268500142,83.34,0.26254607314998585
2021-06-22T11:00:00.000+02:00,242.16,0.7287171616863771,90.15,0.2712828383136228
2021-06-05T07:00:00.000+02:00,96.09,0.5825048496605237,68.87,0.41749515033947626
2021-06-25T05:00:00.000+02:00,105.58,0.574178812268871,78.3,0.425821187731129
2021-06-25T00:00:00.000+02:00,113.4,0.5653040877367896,87.2,0.43469591226321036
2021-06-11T18:00:00.000+02:00,234.36,0.7385138967668746,82.98,0.2614861032331253
2021-06-23T13:00:00.000+02:00,243.91,0.7288074819971913,90.76,0.27119251800280875
2021-06-21T06:00:00.000+02:00,114.24,0.5706578750187322,85.95,0.42934212498126784
2021-06-24T20:00:00.000+02:00,247.99,0.7265190133005215,93.35,0.27348098669947846
2021-06-17T14:00:00.000+02:00,145.87,0.6256218905472636,87.29,0.3743781094527363
2021-06-16T09:00:00.000+02:00,156.09,0.618790882061447,96.16,0.381209117938553
2021-06-19T21:00:00.000+02:00,118.51,0.5624584717607974,92.19,0.43754152823920267
2021-06-02T02:00:00.000+02:00,112.53,0.569685617374576,85.0,0.430314382625424
2021-06-15T08:00:00.000+02:00,157.98,0.6200400329683269,96.81,0.3799599670316732
2021-06-29T01:00:00.000+02:00,119.24,0.5659499738952964,91.45,0.4340500261047036
2021-06-04T13:00:00.000+02:00,234.48,0.7378921861723888,83.29,0.2621078138276112
2021-06-03T22:00:00.000+02:00,149.56,0.6328974651940248,86.75,0.3671025348059752
2021-06-14T18:00:00.000+02:00,241.04,0.7306677983570281,88.85,0.2693322016429719
2021-06-12T13:00:00.000+02:00,99.65,0.5650694641338248,76.7,0.4349305358661752
2021-06-25T01:00:00.000+02:00,106.55,0.5711605467703028,80.0,0.42883945322969713
2021-06-23T10:00:00.000+02:00,246.48,0.7253038283847806,93.35,0.27469617161521936
2021-06-14T17:00:00.000+02:00,139.55,0.6296530253124578,82.08,0.3703469746875423
2021-06-12T01:00:00.000+02:00,107.71,0.5689609634990227,81.6,0.4310390365009772
2021-06-12T16:00:00.000+02:00,91.21,0.5705617415238333,68.65,0.4294382584761666
2021-06-15T05:00:00.000+02:00,110.47,0.5679107546781822,84.05,0.43208924532181786
2021-06-12T15:00:00.000+02:00,91.39,0.5702964118564743,68.86,0.4297035881435257
2021-06-28T14:00:00.000+02:00,145.79,0.6277557698932139,86.45,0.3722442301067861
2021-06-27T19:00:00.000+02:00,91.47,0.584584904454528,65.0,0.41541509554547196
2021-06-04T19:00:00.000+02:00,236.58,0.7427243901673312,81.95,0.2572756098326688
2021-06-03T16:00:00.000+02:00,123.41,0.6520314894066678,65.86,0.3479685105933323
2021-06-07T18:00:00.000+02:00,235.73,0.7391740616474868,83.18,0.2608259383525133
2021-06-26T06:00:00.000+02:00,123.09,0.5687026427647385,93.35,0.43129735723526147
2021-06-06T03:00:00.000+02:00,104.78,0.5849056603773586,74.36,0.41509433962264153
2021-06-23T20:00:00.000+02:00,246.34,0.727718531210304,92.17,0.27228146878969606
2021-06-27T05:00:00.000+02:00,114.63,0.5853546443343717,81.2,0.4146453556656284
2021-06-26T23:00:00.000+02:00,116.46,0.5709943126103157,87.5,0.4290056873896843
2021-06-24T08:00:00.000+02:00,153.35,0.6238812042310822,92.45,0.3761187957689178
2021-06-12T10:00:00.000+02:00,96.04,0.566975618395419,73.35,0.4330243816045811
2021-06-09T12:00:00.000+02:00,233.46,0.7393824228028504,82.29,0.2606175771971497
2021-06-29T00:00:00.000+02:00,119.27,0.5640043504988888,92.2,0.4359956495011113
2021-06-07T16:00:00.000+02:00,135.4,0.636727016223842,77.25,0.363272983776158
2021-06-15T11:00:00.000+02:00,244.96,0.7269705603038936,92.0,0.2730294396961063
2021-06-06T16:00:00.000+02:00,61.5,0.609937518595656,39.33,0.3900624814043439
2021-06-30T23:00:00.000+02:00,158.24,0.6285600794438928,93.51,0.37143992055610725
2021-06-01T12:00:00.000+02:00,238.09,0.734868360134572,85.9,0.265131639865428
2021-06-20T06:00:00.000+02:00,86.36,0.598226655583264,58.0,0.4017733444167359
2021-06-08T02:00:00.000+02:00,105.46,0.5719399099734259,78.93,0.4280600900265742
2021-06-30T22:00:00.000+02:00,159.77,0.624638361091563,96.01,0.37536163890843693
2021-06-02T19:00:00.000+02:00,236.77,0.739651994626847,83.34,0.260348005373153
2021-06-22T22:00:00.000+02:00,152.77,0.6275210515506264,90.68,0.37247894844937357
2021-06-20T12:00:00.000+02:00,59.97,0.6007814065317572,39.85,0.3992185934682429
2021-06-30T18:00:00.000+02:00,248.7,0.7224610736695328,95.54,0.2775389263304671
2021-06-23T16:00:00.000+02:00,147.03,0.6273146172881645,87.35,0.3726853827118355
2021-06-21T08:00:00.000+02:00,152.38,0.6235371143301416,92.0,0.3764628856698584
2021-06-18T20:00:00.000+02:00,251.68,0.7219943199747554,96.91,0.2780056800252445
2021-06-05T11:00:00.000+02:00,106.93,0.5608118739182881,83.74,0.4391881260817118
2021-06-08T15:00:00.000+02:00,134.21,0.6384264104271715,76.01,0.3615735895728284
2021-06-10T11:00:00.000+02:00,235.63,0.7367581764742668,84.19,0.2632418235257332
2021-06-25T07:00:00.000+02:00,119.44,0.5572714972239071,94.89,0.442728502776093
2021-06-01T16:00:00.000+02:00,131.93,0.6403436392758336,74.1,0.35965636072416635
2021-06-29T03:00:00.000+02:00,116.11,0.5701168614357263,87.55,0.4298831385642738
2021-06-21T04:00:00.000+02:00,93.54,0.5942065811205691,63.88,0.4057934188794308
2021-06-07T01:00:00.000+02:00,94.58,0.5875994035785289,66.38,0.4124005964214712
2021-06-27T10:00:00.000+02:00,91.29,0.583807635735755,65.08,0.41619236426424505
2021-06-28T15:00:00.000+02:00,140.22,0.6332761268178122,81.2,0.3667238731821877
2021-06-20T13:00:00.000+02:00,45.7,0.6268861454046639,27.2,0.373113854595336
2021-06-09T04:00:00.000+02:00,107.91,0.5746924428822496,79.86,0.4253075571177505
2021-06-05T22:00:00.000+02:00,111.3,0.5689020650173788,84.34,0.43109793498262117
2021-06-28T16:00:00.000+02:00,143.9,0.6287686795420782,84.96,0.37123132045792184
2021-06-18T15:00:00.000+02:00,145.44,0.6250913310697553,87.23,0.37490866893024455
2021-06-27T12:00:00.000+02:00,76.9,0.5924042831831138,52.91,0.40759571681688617
2021-06-26T21:00:00.000+02:00,119.57,0.5660654263125503,91.66,0.4339345736874497
2021-06-13T11:00:00.000+02:00,98.1,0.5721784776902887,73.35,0.42782152230971127
2021-06-28T08:00:00.000+02:00,159.79,0.6186696608332043,98.49,0.38133033916679576
2021-06-26T12:00:00.000+02:00,99.52,0.5650692709516238,76.6,0.43493072904837604
2021-06-18T17:00:00.000+02:00,147.19,0.6237921681640957,88.77,0.3762078318359044
2021-06-21T18:00:00.000+02:00,243.65,0.7325175876375444,88.97,0.2674824123624556
2021-06-19T14:00:00.000+02:00,101.95,0.5634153080961593,79.0,0.43658469190384086
2021-06-10T02:00:00.000+02:00,101.43,0.5749022275123279,75.0,0.42509777248767217
2021-06-03T23:00:00.000+02:00,147.21,0.6384888965995836,83.35,0.36151110340041637
2021-06-28T11:00:00.000+02:00,239.34,0.7335192620061908,86.95,0.26648073799380917
2021-06-13T20:00:00.000+02:00,115.21,0.5667552144824872,88.07,0.43324478551751283
2021-06-20T01:00:00.000+02:00,93.58,0.5834892131188427,66.8,0.4165107868811572
2021-06-02T03:00:00.000+02:00,112.87,0.5704250265325719,85.0,0.4295749734674281
2021-06-12T14:00:00.000+02:00,96.23,0.5674607854699848,73.35,0.4325392145300153
2021-06-08T14:00:00.000+02:00,137.87,0.6347605893186005,79.33,0.36523941068139965
2021-06-16T14:00:00.000+02:00,148.55,0.6247897039030956,89.21,0.3752102960969044
2021-06-14T23:00:00.000+02:00,152.35,0.6338672768878718,88.0,0.36613272311212813
2021-06-09T18:00:00.000+02:00,234.64,0.738721153543431,82.99,0.26127884645656896
2021-06-11T06:00:00.000+02:00,109.02,0.5707255784734583,82.0,0.42927442152654177
2021-06-20T03:00:00.000+02:00,90.06,0.5918769716088328,62.1,0.4081230283911672
2021-06-30T07:00:00.000+02:00,122.94,0.5572730157291147,97.67,0.44272698427088525
2021-06-12T19:00:00.000+02:00,105.44,0.5649378482640377,81.2,0.43506215173596235
2021-06-07T13:00:00.000+02:00,231.5,0.7437751004016064,79.75,0.25622489959839356
2021-06-22T13:00:00.000+02:00,242.41,0.7286362679972347,90.28,0.27136373200276537
2021-06-23T11:00:00.000+02:00,245.42,0.7271703703703704,92.08,0.27282962962962964
2021-06-23T02:00:00.000+02:00,110.59,0.576259705070085,81.32,0.42374029492991505
2021-06-13T22:00:00.000+02:00,123.26,0.5647393017502063,95.0,0.43526069824979385
2021-06-12T07:00:00.000+02:00,100.15,0.5772334293948127,73.35,0.4227665706051873
2021-06-27T07:00:00.000+02:00,107.66,0.5885954841178722,75.25,0.41140451588212784
2021-06-06T06:00:00.000+02:00,100.26,0.5921682121552183,69.05,0.40783178784478175
2021-06-09T05:00:00.000+02:00,109.4,0.5716375796843975,81.98,0.4283624203156025
2021-06-23T23:00:00.000+02:00,149.77,0.6343229850493414,86.34,0.3656770149506586
2021-06-18T05:00:00.000+02:00,116.43,0.5650021837239774,89.64,0.43499781627602274
2021-06-05T17:00:00.000+02:00,98.59,0.5653096330275229,75.81,0.43469036697247704
2021-06-10T20:00:00.000+02:00,242.83,0.731393632721906,89.18,0.26860636727809406
2021-06-08T00:00:00.000+02:00,106.73,0.5685292707611995,81.0,0.43147072923880037
2021-06-25T17:00:00.000+02:00,145.31,0.6286666089815697,85.83,0.3713333910184304
2021-06-09T00:00:00.000+02:00,108.44,0.5693285031763532,82.03,0.4306714968236468
2021-06-13T01:00:00.000+02:00,108.11,0.5747169209505076,80.0,0.4252830790494923
2021-06-30T20:00:00.000+02:00,254.64,0.7201153813523372,98.97,0.2798846186476627
2021-06-07T09:00:00.000+02:00,144.71,0.6272376576654675,86.0,0.37276234233453254
2021-06-24T18:00:00.000+02:00,243.56,0.7289160232237984,90.58,0.2710839767762016
2021-06-26T20:00:00.000+02:00,115.14,0.5652707545780352,88.55,0.4347292454219647
2021-06-23T22:00:00.000+02:00,156.02,0.6256566547700205,93.35,0.37434334522997953
2021-06-14T01:00:00.000+02:00,116.16,0.5715410352292856,87.08,0.4284589647707144
2021-06-17T02:00:00.000+02:00,122.79,0.5627663962601402,95.4,0.4372336037398598
2021-06-04T21:00:00.000+02:00,239.39,0.7422485427260325,83.13,0.25775145727396753
2021-06-17T07:00:00.000+02:00,119.2,0.5588897224306076,94.08,0.44111027756939236
2021-06-09T23:00:00.000+02:00,142.17,0.6457283008584276,78.0,0.3542716991415724
2021-06-28T01:00:00.000+02:00,103.99,0.5862885493600947,73.38,0.4137114506399052
2021-06-10T22:00:00.000+02:00,149.36,0.6312497358522463,87.25,0.3687502641477537
2021-06-22T17:00:00.000+02:00,149.06,0.6236559139784946,89.95,0.3763440860215054
2021-06-18T01:00:00.000+02:00,116.95,0.5635872969977351,90.56,0.436412703002265
2021-06-30T11:00:00.000+02:00,250.95,0.7188690595548426,98.14,0.2811309404451574
2021-06-14T09:00:00.000+02:00,148.75,0.6230366492146597,90.0,0.3769633507853403
2021-06-17T06:00:00.000+02:00,119.68,0.5630410237109522,92.88,0.4369589762890478
2021-06-17T03:00:00.000+02:00,121.33,0.5650088479090993,93.41,0.4349911520909006
2021-06-05T12:00:00.000+02:00,106.58,0.5611541094087295,83.35,0.43884589059127044
2021-06-20T17:00:00.000+02:00,22.42,0.8537699923838538,3.84,0.1462300076161462
2021-06-27T03:00:00.000+02:00,118.16,0.5831893786091505,84.45,0.4168106213908494
2021-06-18T12:00:00.000+02:00,247.95,0.7211412616700114,95.88,0.27885873832998864
2021-06-13T18:00:00.000+02:00,98.69,0.5736456637991165,73.35,0.4263543362008835
2021-06-16T19:00:00.000+02:00,253.73,0.7195156533575318,98.91,0.28048434664246824
2021-06-08T06:00:00.000+02:00,110.79,0.56771714066103,84.36,0.43228285933897
2021-06-10T15:00:00.000+02:00,138.88,0.6318758815232722,80.91,0.36812411847672777
2021-06-24T02:00:00.000+02:00,103.82,0.5767457363479807,76.19,0.42325426365201935
2021-06-21T16:00:00.000+02:00,137.85,0.6327748450768877,80.0,0.36722515492311225
2021-06-22T01:00:00.000+02:00,117.18,0.566415313225058,89.7,0.433584686774942
2021-06-26T04:00:00.000+02:00,123.24,0.5699223085460599,93.0,0.43007769145394004
2021-06-29T22:00:00.000+02:00,158.26,0.6249654464320973,94.97,0.3750345535679027
2021-06-13T06:00:00.000+02:00,110.87,0.5786836473719923,80.72,0.4213163526280077
2021-06-23T15:00:00.000+02:00,149.91,0.6256416677100287,89.7,0.3743583322899712
2021-06-07T22:00:00.000+02:00,149.52,0.6355521550624841,85.74,0.3644478449375159
2021-06-21T01:00:00.000+02:00,91.47,0.5923071941980185,62.96,0.4076928058019815
2021-06-07T21:00:00.000+02:00,242.73,0.7356123283934903,87.24,0.26438767160650967
2021-06-25T13:00:00.000+02:00,233.45,0.7419354838709677,81.2,0.2580645161290323
2021-06-29T12:00:00.000+02:00,248.58,0.7229735625163598,95.25,0.27702643748364014
2021-06-09T07:00:00.000+02:00,110.83,0.5618188269883916,86.44,0.43818117301160847
2021-06-02T14:00:00.000+02:00,138.51,0.633884032767379,80.0,0.36611596723262096
2021-06-11T17:00:00.000+02:00,137.62,0.6323867291609228,80.0,0.3676132708390773
2021-06-12T17:00:00.000+02:00,91.53,0.5705292027675621,68.9,0.42947079723243786
2021-06-21T13:00:00.000+02:00,240.82,0.7296912401902858,89.21,0.27030875980971425
2021-06-03T11:00:00.000+02:00,231.58,0.7432441106617882,80.0,0.25675588933821164
2021-06-01T14:00:00.000+02:00,137.96,0.6353504651376992,79.18,0.36464953486230084
2021-06-26T00:00:00.000+02:00,118.39,0.5653772683858643,91.01,0.4346227316141356
2021-06-13T04:00:00.000+02:00,110.28,0.5786242719974815,80.31,0.4213757280025185
2021-06-30T09:00:00.000+02:00,158.93,0.6150541795665635,99.47,0.38494582043343656
2021-06-27T04:00:00.000+02:00,118.37,0.5836209446800119,84.45,0.4163790553199882
2021-06-06T15:00:00.000+02:00,77.55,0.5869663941871026,54.57,0.41303360581289733
2021-06-13T08:00:00.000+02:00,109.04,0.575864800633747,80.31,0.42413519936625294
2021-06-08T19:00:00.000+02:00,240.42,0.7353642870251422,86.52,0.2646357129748578
2021-06-22T00:00:00.000+02:00,119.8,0.5628641232850967,93.04,0.4371358767149032
2021-06-24T03:00:00.000+02:00,99.49,0.581812865497076,71.51,0.418187134502924
2021-06-04T20:00:00.000+02:00,238.32,0.7447267272897722,81.69,0.2552732727102278
2021-06-15T21:00:00.000+02:00,253.15,0.7222333171664147,97.36,0.27776668283358535
2021-06-04T05:00:00.000+02:00,108.25,0.5724484399788472,80.85,0.4275515600211528
2021-06-24T16:00:00.000+02:00,142.31,0.62882771419734,84.0,0.37117228580266004
2021-06-07T17:00:00.000+02:00,137.85,0.6340846366145355,79.55,0.3659153633854646
2021-06-13T19:00:00.000+02:00,106.81,0.5719104733347612,79.95,0.42808952666523886
2021-06-12T20:00:00.000+02:00,113.77,0.5642793373673246,87.85,0.4357206626326753
2021-06-30T02:00:00.000+02:00,113.72,0.5696253255860549,85.92,0.4303746744139451
2021-06-06T19:00:00.000+02:00,95.48,0.5838684033510672,68.05,0.4161315966489329
2021-06-08T01:00:00.000+02:00,105.5,0.5707947843964725,79.33,0.4292052156035276
2021-06-27T09:00:00.000+02:00,94.25,0.5872274143302181,66.25,0.4127725856697819
2021-06-18T09:00:00.000+02:00,155.84,0.6166508388730612,96.88,0.3833491611269389
2021-06-23T04:00:00.000+02:00,112.98,0.5764873966731299,83.0,0.4235126033268701
2021-06-10T21:00:00.000+02:00,243.48,0.7319184753201468,89.18,0.26808152467985336
2021-06-20T10:00:00.000+02:00,73.29,0.593489351364483,50.2,0.40651064863551706
2021-06-29T15:00:00.000+02:00,148.01,0.6260998307952623,88.39,0.3739001692047378
2021-06-29T08:00:00.000+02:00,165.41,0.6151357381926367,103.49,0.38486426180736333
2021-06-02T08:00:00.000+02:00,152.96,0.6224971512290411,92.76,0.3775028487709588
2021-06-11T14:00:00.000+02:00,140.89,0.6287767215602267,83.18,0.3712232784397733
2021-06-24T09:00:00.000+02:00,148.35,0.6231884057971014,89.7,0.37681159420289856
2021-06-21T07:00:00.000+02:00,114.36,0.5625184456468273,88.94,0.4374815543531726
